
DET1 = [
    1    1    1    1    1    1    1    1    1    1  2.05084E+00 0.00053 
    2    2    1    1    1    1    1    1    1    1  4.64839E+00 0.00040 
    3    3    1    1    1    1    1    1    1    1  1.80698E+01 0.00030 
    4    4    1    1    1    1    1    1    1    1  2.33455E+01 0.00026 
    5    5    1    1    1    1    1    1    1    1  6.90955E+00 0.00027 
    6    6    1    1    1    1    1    1    1    1  1.32661E+01 0.00023 
    7    7    1    1    1    1    1    1    1    1  7.62267E+00 0.00021 
    8    8    1    1    1    1    1    1    1    1  1.02325E+00 0.00041 
    9    9    1    1    1    1    1    1    1    1  7.11953E+00 0.00021 
   10   10    1    1    1    1    1    1    1    1  9.89854E+00 0.00018 
   11   11    1    1    1    1    1    1    1    1  1.17519E+01 0.00015 
   12   12    1    1    1    1    1    1    1    1  6.92133E+00 0.00014 
   13   13    1    1    1    1    1    1    1    1  3.62540E+01 0.00011 
   14   14    1    1    1    1    1    1    1    1  6.58724E+01 0.00011 
   15   15    1    1    1    1    1    1    1    1  9.38417E+00 0.00013 
   16   16    1    1    1    1    1    1    1    1  4.48356E+01 0.00012 
   17   17    1    1    1    1    1    1    1    1  2.09266E+01 0.00014 
   18   18    1    1    1    1    1    1    1    1  9.69778E+00 0.00018 
   19   19    1    1    1    1    1    1    1    1  9.31116E+00 0.00021 
   20   20    1    1    1    1    1    1    1    1  8.25571E+00 0.00025 
   21   21    1    1    1    1    1    1    1    1  4.45903E+00 0.00037 
   22   22    1    1    1    1    1    1    1    1  1.88082E+00 0.00065 
   23   23    1    1    1    1    1    1    1    1  3.73953E-01 0.00168 
];


DET1E = [
 1.00000E-11  3.00000E-08  1.50050E-08
 3.00000E-08  5.80000E-08  4.40000E-08
 5.80000E-08  1.40000E-07  9.90000E-08
 1.40000E-07  2.80000E-07  2.10000E-07
 2.80000E-07  3.50000E-07  3.15000E-07
 3.50000E-07  6.25000E-07  4.87500E-07
 6.25000E-07  1.02000E-06  8.22500E-07
 1.02000E-06  1.09700E-06  1.05850E-06
 1.09700E-06  1.85500E-06  1.47600E-06
 1.85500E-06  4.00000E-06  2.92750E-06
 4.00000E-06  9.87700E-06  6.93850E-06
 9.87700E-06  1.59680E-05  1.29225E-05
 1.59680E-05  1.48728E-04  8.23480E-05
 1.48728E-04  5.53000E-03  2.83936E-03
 5.53000E-03  9.11800E-03  7.32400E-03
 9.11800E-03  1.11000E-01  6.00590E-02
 1.11000E-01  5.00000E-01  3.05500E-01
 5.00000E-01  8.21000E-01  6.60500E-01
 8.21000E-01  1.35300E+00  1.08700E+00
 1.35300E+00  2.23100E+00  1.79200E+00
 2.23100E+00  3.67900E+00  2.95500E+00
 3.67900E+00  6.06550E+00  4.87225E+00
 6.06550E+00  1.00000E+01  8.03275E+00
];

DET2 = [
    1    1    1    1    1    1    1    1    1    1  2.21000E+00 0.00017 
];


DET3 = [
    1    1    1    1    1    1    1    1    1    1  3.92088E+01 0.00028 
];

