
DET1 = [
    1    1    1    1    1    1    1    1    1    1  4.64447E+05 0.01089 
    2    2    1    1    1    1    1    1    1    1  2.50264E+06 0.00329 
    3    3    1    1    1    1    1    1    1    1  5.22117E+06 0.00335 
    4    4    1    1    1    1    1    1    1    1  8.74095E+06 0.00294 
    5    5    1    1    1    1    1    1    1    1  1.04961E+07 0.00307 
    6    6    1    1    1    1    1    1    1    1  1.27059E+07 0.00232 
    7    7    1    1    1    1    1    1    1    1  1.69743E+07 0.00189 
    8    8    1    1    1    1    1    1    1    1  2.62354E+07 0.00172 
    9    9    1    1    1    1    1    1    1    1  2.95998E+07 0.00169 
   10   10    1    1    1    1    1    1    1    1  3.80928E+07 0.00107 
   11   11    1    1    1    1    1    1    1    1  5.31233E+07 0.00097 
   12   12    1    1    1    1    1    1    1    1  8.05063E+07 0.00055 
   13   13    1    1    1    1    1    1    1    1  8.93000E+07 0.00053 
   14   14    1    1    1    1    1    1    1    1  1.87420E+08 0.00019 
   15   15    1    1    1    1    1    1    1    1  2.65287E+08 0.00025 
   16   16    1    1    1    1    1    1    1    1  3.20221E+08 0.00017 
   17   17    1    1    1    1    1    1    1    1  3.78571E+08 0.00016 
   18   18    1    1    1    1    1    1    1    1  4.14642E+08 0.00014 
   19   19    1    1    1    1    1    1    1    1  4.42736E+08 0.00014 
   20   20    1    1    1    1    1    1    1    1  4.61609E+08 0.00013 
   21   21    1    1    1    1    1    1    1    1  4.72914E+08 0.00013 
   22   22    1    1    1    1    1    1    1    1  4.76749E+08 0.00012 
   23   23    1    1    1    1    1    1    1    1  4.69236E+08 0.00009 
   24   24    1    1    1    1    1    1    1    1  4.41721E+08 0.00009 
   25   25    1    1    1    1    1    1    1    1  4.02036E+08 0.00009 
   26   26    1    1    1    1    1    1    1    1  3.57297E+08 0.00010 
   27   27    1    1    1    1    1    1    1    1  3.12861E+08 0.00010 
   28   28    1    1    1    1    1    1    1    1  2.71453E+08 0.00010 
   29   29    1    1    1    1    1    1    1    1  2.33175E+08 0.00011 
   30   30    1    1    1    1    1    1    1    1  2.00017E+08 0.00012 
   31   31    1    1    1    1    1    1    1    1  1.71694E+08 0.00012 
   32   32    1    1    1    1    1    1    1    1  1.46991E+08 0.00013 
   33   33    1    1    1    1    1    1    1    1  1.26056E+08 0.00014 
   34   34    1    1    1    1    1    1    1    1  1.08645E+08 0.00015 
   35   35    1    1    1    1    1    1    1    1  8.77488E+07 0.00014 
   36   36    1    1    1    1    1    1    1    1  6.68684E+07 0.00015 
   37   37    1    1    1    1    1    1    1    1  5.23349E+07 0.00016 
   38   38    1    1    1    1    1    1    1    1  4.21679E+07 0.00017 
   39   39    1    1    1    1    1    1    1    1  3.64846E+07 0.00022 
   40   40    1    1    1    1    1    1    1    1  3.34687E+07 0.00023 
   41   41    1    1    1    1    1    1    1    1  2.98006E+07 0.00019 
   42   42    1    1    1    1    1    1    1    1  2.59780E+07 0.00020 
   43   43    1    1    1    1    1    1    1    1  2.30983E+07 0.00021 
   44   44    1    1    1    1    1    1    1    1  2.08541E+07 0.00021 
   45   45    1    1    1    1    1    1    1    1  1.90681E+07 0.00021 
   46   46    1    1    1    1    1    1    1    1  1.79313E+07 0.00029 
   47   47    1    1    1    1    1    1    1    1  1.72715E+07 0.00029 
   48   48    1    1    1    1    1    1    1    1  1.66591E+07 0.00030 
   49   49    1    1    1    1    1    1    1    1  1.60873E+07 0.00030 
   50   50    1    1    1    1    1    1    1    1  1.57290E+07 0.00044 
   51   51    1    1    1    1    1    1    1    1  1.55139E+07 0.00045 
   52   52    1    1    1    1    1    1    1    1  1.53185E+07 0.00046 
   53   53    1    1    1    1    1    1    1    1  1.51107E+07 0.00047 
   54   54    1    1    1    1    1    1    1    1  1.49342E+07 0.00046 
   55   55    1    1    1    1    1    1    1    1  1.47609E+07 0.00047 
   56   56    1    1    1    1    1    1    1    1  1.45612E+07 0.00047 
   57   57    1    1    1    1    1    1    1    1  1.44104E+07 0.00047 
   58   58    1    1    1    1    1    1    1    1  1.42409E+07 0.00048 
   59   59    1    1    1    1    1    1    1    1  1.40813E+07 0.00047 
   60   60    1    1    1    1    1    1    1    1  1.39143E+07 0.00049 
   61   61    1    1    1    1    1    1    1    1  1.37719E+07 0.00049 
   62   62    1    1    1    1    1    1    1    1  1.36139E+07 0.00048 
   63   63    1    1    1    1    1    1    1    1  1.34621E+07 0.00049 
   64   64    1    1    1    1    1    1    1    1  1.33238E+07 0.00048 
   65   65    1    1    1    1    1    1    1    1  1.30910E+07 0.00032 
   66   66    1    1    1    1    1    1    1    1  1.27755E+07 0.00032 
   67   67    1    1    1    1    1    1    1    1  1.24724E+07 0.00032 
   68   68    1    1    1    1    1    1    1    1  1.21932E+07 0.00034 
   69   69    1    1    1    1    1    1    1    1  1.17747E+07 0.00026 
   70   70    1    1    1    1    1    1    1    1  1.12678E+07 0.00026 
   71   71    1    1    1    1    1    1    1    1  1.07992E+07 0.00026 
   72   72    1    1    1    1    1    1    1    1  1.03685E+07 0.00027 
   73   73    1    1    1    1    1    1    1    1  9.96784E+06 0.00026 
   74   74    1    1    1    1    1    1    1    1  9.45419E+06 0.00022 
   75   75    1    1    1    1    1    1    1    1  8.87043E+06 0.00022 
   76   76    1    1    1    1    1    1    1    1  8.35523E+06 0.00023 
   77   77    1    1    1    1    1    1    1    1  7.89261E+06 0.00023 
   78   78    1    1    1    1    1    1    1    1  7.49966E+06 0.00024 
   79   79    1    1    1    1    1    1    1    1  7.20432E+06 0.00029 
   80   80    1    1    1    1    1    1    1    1  6.85136E+06 0.00021 
   81   81    1    1    1    1    1    1    1    1  6.50735E+06 0.00025 
   82   82    1    1    1    1    1    1    1    1  6.22071E+06 0.00025 
   83   83    1    1    1    1    1    1    1    1  5.98091E+06 0.00028 
   84   84    1    1    1    1    1    1    1    1  5.75070E+06 0.00026 
   85   85    1    1    1    1    1    1    1    1  5.52485E+06 0.00025 
   86   86    1    1    1    1    1    1    1    1  5.30579E+06 0.00026 
   87   87    1    1    1    1    1    1    1    1  5.11187E+06 0.00026 
   88   88    1    1    1    1    1    1    1    1  4.92942E+06 0.00026 
   89   89    1    1    1    1    1    1    1    1  4.76261E+06 0.00026 
   90   90    1    1    1    1    1    1    1    1  4.66200E+06 0.00048 
   91   91    1    1    1    1    1    1    1    1  4.59483E+06 0.00037 
   92   92    1    1    1    1    1    1    1    1  4.48284E+06 0.00027 
   93   93    1    1    1    1    1    1    1    1  4.17869E+06 0.00016 
   94   94    1    1    1    1    1    1    1    1  3.81188E+06 0.00020 
   95   95    1    1    1    1    1    1    1    1  3.51899E+06 0.00019 
   96   96    1    1    1    1    1    1    1    1  3.08437E+06 0.00013 
   97   97    1    1    1    1    1    1    1    1  2.74304E+06 0.00023 
   98   98    1    1    1    1    1    1    1    1  2.58257E+06 0.00018 
   99   99    1    1    1    1    1    1    1    1  2.37629E+06 0.00015 
  100  100    1    1    1    1    1    1    1    1  2.23118E+06 0.00024 
  101  101    1    1    1    1    1    1    1    1  2.12481E+06 0.00024 
  102  102    1    1    1    1    1    1    1    1  1.40260E+06 0.00023 
  103  103    1    1    1    1    1    1    1    1  1.96204E+06 0.00025 
  104  104    1    1    1    1    1    1    1    1  2.09673E+06 0.00031 
  105  105    1    1    1    1    1    1    1    1  1.97012E+06 0.00014 
  106  106    1    1    1    1    1    1    1    1  1.73385E+06 0.00014 
  107  107    1    1    1    1    1    1    1    1  1.57794E+06 0.00015 
  108  108    1    1    1    1    1    1    1    1  1.40695E+06 0.00013 
  109  109    1    1    1    1    1    1    1    1  1.28060E+06 0.00025 
