c Unit cell
c ------------------------------------------------------------------------------
c Cells
c ------------------------------------------------------------------------------
c ------------------------------------------------------------------------------
c Pebbles
c ------------------------------------------------------------------------------
1100 3 -1.59368E+00 -1000                 u=110 imp:n=1 tmp=7.7553E-8 $ Depletion Region 1
1101 11100 -10              -1001 1000 u=110 imp:n=1 tmp=7.7553E-8
1102 4 -1.73841E+00 -1002 1001           u=110 imp:n=1 tmp=7.7553E-8
1103 3 -1.59368E+00 -1003                 u=110 imp:n=1 tmp=7.7553E-8 $ Depletion Region 1
1104 11100 -10              -1004 1003  u=110 imp:n=1 tmp=7.7553E-8
1105 4 -1.73841E+00 -1005 1004           u=110 imp:n=1 tmp=7.7553E-8
1106 3 -1.59368E+00 -1006                 u=110 imp:n=1 tmp=7.7553E-8 $ Depletion Region 1
1107 11100 -10              -1007 1006  u=110 imp:n=1 tmp=7.7553E-8
1108 4 -1.73841E+00 -1008 1007           u=110 imp:n=1 tmp=7.7553E-8
1109 3 -1.59368E+00 -1009                 u=110 imp:n=1 tmp=7.7553E-8 $ Depletion Region 1
1110 11100 -10              -1010 1009  u=110 imp:n=1 tmp=7.7553E-8
1111 4 -1.73841E+00 -1011 1010           u=110 imp:n=1 tmp=7.7553E-8
1120 3 -1.59368E+00 -1020                 u=110 imp:n=1 tmp=7.7553E-8 $ Depletion Region 1
1121 11100 -10              -1021 1020  u=110 imp:n=1 tmp=7.7553E-8
1122 4 -1.73841E+00 -1022 1021           u=110 imp:n=1 tmp=7.7553E-8
1123 3 -1.59368E+00 -1023                 u=110 imp:n=1 tmp=7.7553E-8 $ Depletion Region 1
1124 11100 -10              -1024 1023  u=110 imp:n=1 tmp=7.7553E-8
1125 4 -1.73841E+00 -1025 1024           u=110 imp:n=1 tmp=7.7553E-8
1126 3 -1.59368E+00 -1026                 u=110 imp:n=1 tmp=7.7553E-8 $ Depletion Region 1
1127 11100 -10              -1027 1026  u=110 imp:n=1 tmp=7.7553E-8
1128 4 -1.73841E+00 -1028 1027           u=110 imp:n=1 tmp=7.7553E-8
1129 3 -1.59368E+00 -1029                 u=110 imp:n=1 tmp=7.7553E-8 $ Depletion Region 1
1130 11100 -10              -1030 1029  u=110 imp:n=1 tmp=7.7553E-8
1131 4 -1.73841E+00 -1031 1030           u=110 imp:n=1 tmp=7.7553E-8
c
1140 3 -1.59368E+00 -1040                 u=110 imp:n=1 tmp=7.7553E-8 $ Depletion Region 1
1141 11100 -10              -1041 1040  u=110 imp:n=1 tmp=7.7553E-8
1142 4 -1.73841E+00 -1042 1041           u=110 imp:n=1 tmp=7.7553E-8
1143 3 -1.59368E+00 -1043                 u=110 imp:n=1 tmp=7.7553E-8 $ Depletion Region 1
1144 11100 -10              -1044 1043  u=110 imp:n=1 tmp=7.7553E-8
1145 4 -1.73841E+00 -1045 1044           u=110 imp:n=1 tmp=7.7553E-8
c
1150 3 -1.59368E+00 -1050                 u=110 imp:n=1 tmp=7.7553E-8 $ Depletion Region 1
1151 11100 -10              -1051 1050  u=110 imp:n=1 tmp=7.7553E-8
1152 4 -1.73841E+00 -1052 1051           u=110 imp:n=1 tmp=7.7553E-8
1153 3 -1.59368E+00 -1053                 u=110 imp:n=1 tmp=7.7553E-8 $ Depletion Region 1
1154 11100 -10              -1054 1053  u=110 imp:n=1 tmp=7.7553E-8
1155 4 -1.73841E+00 -1055 1054           u=110 imp:n=1 tmp=7.7553E-8
c
1160 3 -1.59368E+00 -1060                 u=110 imp:n=1 tmp=7.7553E-8 $ Depletion Region 1
1161 11100 -10              -1061 1060  u=110 imp:n=1 tmp=7.7553E-8
1162 4 -1.73841E+00 -1062 1061           u=110 imp:n=1 tmp=7.7553E-8
1163 3 -1.59368E+00 -1063                 u=110 imp:n=1 tmp=7.7553E-8 $ Depletion Region 1
1164 11100 -10              -1064 1063  u=110 imp:n=1 tmp=7.7553E-8
1165 4 -1.73841E+00 -1065 1064           u=110 imp:n=1 tmp=7.7553E-8
1180 23 -1.96280E+00 1002 1005 1008 1011 
                   1022 1025 1028 1031
                   1042 1045 1052 1055 1062 1065 u=110 imp:n=1 tmp=7.7553E-8 $ Coolant
1181 0  -1080 1081 -1082 1083 -1084 1085 fill=110 imp:n=1 tmp=7.7553E-8 $ FCC Unit Cell
c
c ------------------------------------------------------------------------------
c boundary conditions
c
9999 0   1080:-1081:1082:-1083:1084:-1085     imp:n=0 $ vacuum boundary conditions

c ------------------------------------------------------------------------------
c Surfaces
c ------------------------------------------------------------------------------
c
c TRISO surfaces
c 
1   so    2.00000E-02    $  Kernel
c
c   Seed Fuel Particles Lattice (PF: 40.0)
c
11  px    4.43031E-02
12  px   -4.43031E-02
13  py    4.43031E-02
14  py   -4.43031E-02
15  pz    4.43031E-02
16  pz   -4.43031E-02
c
c Pebble surfaces (PF: 60.0)
c
1000 s  2.275414E+00  2.275414E+00  2.275414E+00 1.25000E+00
1001 s  2.275414E+00  2.275414E+00  2.275414E+00 1.40000E+00
1002 s  2.275414E+00  2.275414E+00  2.275414E+00 1.50000E+00
c
1003 s -2.275414E+00  2.275414E+00  2.275414E+00 1.25000E+00
1004 s -2.275414E+00  2.275414E+00  2.275414E+00 1.40000E+00
1005 s -2.275414E+00  2.275414E+00  2.275414E+00 1.50000E+00
c
1006 s -2.275414E+00 -2.275414E+00  2.275414E+00 1.25000E+00
1007 s -2.275414E+00 -2.275414E+00  2.275414E+00 1.40000E+00
1008 s -2.275414E+00 -2.275414E+00  2.275414E+00 1.50000E+00
c
1009 s  2.275414E+00 -2.275414E+00  2.275414E+00 1.25000E+00
1010 s  2.275414E+00 -2.275414E+00  2.275414E+00 1.40000E+00
1011 s  2.275414E+00 -2.275414E+00  2.275414E+00 1.50000E+00
c
1020 s  2.275414E+00  2.275414E+00 -2.275414E+00 1.25000E+00
1021 s  2.275414E+00  2.275414E+00 -2.275414E+00 1.40000E+00
1022 s  2.275414E+00  2.275414E+00 -2.275414E+00 1.50000E+00
c
1023 s -2.275414E+00  2.275414E+00 -2.275414E+00 1.25000E+00
1024 s -2.275414E+00  2.275414E+00 -2.275414E+00 1.40000E+00
1025 s -2.275414E+00  2.275414E+00 -2.275414E+00 1.50000E+00
c
1026 s -2.275414E+00 -2.275414E+00 -2.275414E+00 1.25000E+00
1027 s -2.275414E+00 -2.275414E+00 -2.275414E+00 1.40000E+00
1028 s -2.275414E+00 -2.275414E+00 -2.275414E+00 1.50000E+00
c
1029 s  2.275414E+00 -2.275414E+00 -2.275414E+00 1.25000E+00
1030 s  2.275414E+00 -2.275414E+00 -2.275414E+00 1.40000E+00
1031 s  2.275414E+00 -2.275414E+00 -2.275414E+00 1.50000E+00
c
1040 sx  2.275414E+00 1.25000E+00
1041 sx  2.275414E+00 1.40000E+00
1042 sx  2.275414E+00 1.50000E+00
c
1043 sx -2.275414E+00 1.25000E+00
1044 sx -2.275414E+00 1.40000E+00
1045 sx -2.275414E+00 1.50000E+00
c
1050 sy 2.275414E+00 1.25000E+00
1051 sy 2.275414E+00 1.40000E+00
1052 sy 2.275414E+00 1.50000E+00
c
1053 sy  -2.275414E+00 1.25000E+00
1054 sy  -2.275414E+00 1.40000E+00
1055 sy  -2.275414E+00 1.50000E+00
c
1060 sz  2.275414E+00  1.25000E+00
1061 sz  2.275414E+00  1.40000E+00
1062 sz  2.275414E+00  1.50000E+00
c
1063 sz -2.275414E+00  1.25000E+00
1064 sz -2.275414E+00  1.40000E+00
1065 sz -2.275414E+00  1.50000E+00
c
c Pebble Unit Cell Surfaces (PF: 57.0)
c
*1080 px  2.275414E+00
*1081 px -2.275414E+00
*1082 py  2.275414E+00
*1083 py -2.275414E+00
*1084 pz  2.275414E+00
*1085 pz -2.275414E+00
c
c

c ------------------------------------------------------------------------------
c Data
c ------------------------------------------------------------------------------
c
m11100 $ 
        92235.72c 19.9
        92238.72c 80.1
        8016.72c 50
        6000.72c 150
m3 $ 900K
          6000.72c 1
mt3 grph.16t
m4 $ 900K
          6000.72c 1
mt4 grph.16t
m11 $ 900K 
          14028.72c 0.00661035
          6000.72c 0.1265644 
mt11 grph.16t
m23 $ 900K
          9019.72c 4
          3006.72c 0.0001
          3007.72c 1.9999
          4009.72c 1
c
SDEF
c SDEF POS= 0 0.53 1.07 ERG=1
kcode  100000  1.0 200 500 $ Nb of cycles and particles p cycle 
c prdmp  10000 10000 10000
c print $30 40 60 72
mode n



